100
258 978067 6
5630 555906 6
4131 988357 1
852 514597 2
100000 1000000000000000000 3
490 499674 1
121 132 1
6574 530230 2
8892 186601 5
2433 588437 7
9151 163110 6
9352 507517 9
9523 81976 5
9481 668314 4
4827 379304 8
34432 9999920 222
39 1000000 3
352 116029 3
4766 385349 3
1000000000 1000000000000000000 1
8229 384684 2
7977 626769 9
0 1000000000000000000 1000000000
3376 156586 6
1108 708286 6
5272 393026 2
8989 909410 5
2590 45700 5
9929 160753 4
1363 123520 8
3127 909969 3
2228 961000 6
7558 716225 8
2035 587687 6
9332 549970 6
9705 834597 8
6673 645665 9
5759 165757 6
7243 39232 6
8621 305784 1
4401 792858 5
701 837097 8
6916 519450 6
886 56750 8
2499 989424 7
5992 237133 9
3286 977701 4
7668 468727 8
981 265444 4
10 22322 2
6311 744038 5
2965 769993 4
5303 577653 4
0 100 2
3491 376189 1
3976 759716 7
21345 4441283 13
1925 194236 4
3725 832955 1
2871 611476 1
8129 512819 4
9628 221919 9
8324 696474 7
3207 523325 2
7998 968182 1
1209 371972 7
1712 931656 3
8429 327368 2
2789 205886 5
1813 539974 3
0 132 1
121 131 1
7075 952308 3
1616 875376 6
9046 160519 7
1516 476245 5
646 753992 3
8439 865622 9
22322 22322 1
8764 690922 4
1396 974496 5
121 121 11
8483 164651 3
8135 346033 4
7597 115191 5
938 717057 3
3748 207521 4
2791 674701 5
4017 755925 4
0 1000000000000000000 1
2519 171840 3
6760 325542 7
5579 763362 2
4153 196591 1
999 99999 78788
6366 921028 2
6153 882984 8
3825 934105 6
1002 914907 8
4945 279540 7
