95
1000000000 1000000000000000000 1
1925 194236 4
5630 555906 6
3376 156586 6
0 1000000000000000000 1000000000
1516 476245 5
8764 690922 4
3976 759716 7
9332 549970 6
8135 346033 4
258 978067 6
22322 22322 1
6916 519450 6
7998 968182 1
2590 45700 5
3491 376189 1
100000 1000000000000000000 3
3286 977701 4
6673 645665 9
6153 882984 8
121 132 1
9046 160519 7
2871 611476 1
3748 207521 4
6760 325542 7
7668 468727 8
4766 385349 3
39 1000000 3
9352 507517 9
5759 165757 6
490 499674 1
2035 587687 6
1396 974496 5
981 265444 4
5579 763362 2
8621 305784 1
352 116029 3
6574 530230 2
8324 696474 7
8989 909410 5
9705 834597 8
9151 163110 6
4153 196591 1
4827 379304 8
10 22322 2
2228 961000 6
1002 914907 8
2433 588437 7
0 100 2
2499 989424 7
9929 160753 4
34432 9999920 222
8439 865622 9
7075 952308 3
646 753992 3
1712 931656 3
8229 384684 2
9628 221919 9
6366 921028 2
3825 934105 6
7977 626769 9
1363 123520 8
8483 164651 3
8429 327368 2
8892 186601 5
0 132 1
9481 668314 4
3725 832955 1
1209 371972 7
21345 4441283 13
4945 279540 7
1813 539974 3
1616 875376 6
121 131 1
5272 393026 2
2965 769993 4
121 121 11
5303 577653 4
2789 205886 5
2519 171840 3
1108 708286 6
4131 988357 1
7558 716225 8
852 514597 2
0 1000000000000000000 1
6311 744038 5
701 837097 8
7243 39232 6
886 56750 8
999 99999 78788
938 717057 3
4401 792858 5
3127 909969 3
7597 115191 5
9523 81976 5
